Iteration 1
Rotation matrix:
 [[0.9999367096 0.0029174976 0.0108657764]
 [0.0031332250 0.8553696647 -0.5180086096]
 [-0.0108055444 0.5180098696 0.8553063868]]
Translation vector:
 [0.0733142273 -1.1193347243 0.4220633239]
Accumulated Rotation Matrix:
 [[0.9999367096 0.0029174976 0.0108657764]
 [0.0031332250 0.8553696647 -0.5180086096]
 [-0.0108055444 0.5180098696 0.8553063868]]
Accumulated Translation Vector:
 [0.0733142273 -1.1193347243 0.4220633239]
-------------------------------------------------------------------------

Iteration 2
Rotation matrix:
 [[0.9997322348 -0.0007254228 0.0231286061]
 [0.0007274946 0.9999997321 -0.0000811613]
 [-0.0231285410 0.0000979655 0.9997324947]]
Translation vector:
 [0.0740604520 0.0311963061 -0.0344041123]
Accumulated Rotation Matrix:
 [[0.9994197742 0.0021931844 0.0339897752]
 [0.0157354462 0.8553164156 -0.5178669954]
 [-0.0302077905 0.5181013599 0.8547856283]]
Accumulated Translation Vector:
 [0.1473746793 -1.0881384182 0.3876592116]
Relative Error Change: 79.08% 
Distance Error(E): 0.2913803956406437190018721139
-------------------------------------------------------------------------

Iteration 3
Rotation matrix:
 [[0.9993279165 -0.0020355222 0.0366001629]
 [0.0026593597 0.9998518837 -0.0170040692]
 [-0.0365601296 0.0170899741 0.9991853130]]
Translation vector:
 [0.1127258555 -0.0327335996 -0.0979901331]
Accumulated Rotation Matrix:
 [[0.9975112426 0.0007394028 0.0705037176]
 [0.0369327492 0.8463073660 -0.5314130355]
 [-0.0600607438 0.5326943735 0.8441738041]]
Accumulated Translation Vector:
 [0.2601005348 -1.1208720179 0.2896690785]
Relative Error Change: 33.91% 
Distance Error(E): 0.3901918873717847846549489077
-------------------------------------------------------------------------

Iteration 4
Rotation matrix:
 [[0.9998704119 -0.0110119698 0.0117429078]
 [0.0112214578 0.9997763539 -0.0179254313]
 [-0.0115428872 0.0180548809 0.9997703651]]
Translation vector:
 [0.0340734856 -0.0742720825 -0.0545005199]
Accumulated Rotation Matrix:
 [[0.9965764577 -0.0089723900 0.0821879559]
 [0.0525588063 0.8361167912 -0.5460277312]
 [-0.0638195562 0.5484780831 0.8337258882]]
Accumulated Translation Vector:
 [0.2941740204 -1.1951441004 0.2351685586]
Relative Error Change: 18.98% 
Distance Error(E): 0.3161339320718461465276050149
-------------------------------------------------------------------------

Iteration 5
Rotation matrix:
 [[0.9991424506 0.0109336138 0.0399351905]
 [-0.0098818489 0.9996015609 -0.0264399048]
 [-0.0402083625 0.0260225978 0.9988523975]]
Translation vector:
 [-0.1998652475 0.0512933659 -0.0067642338]
Accumulated Rotation Matrix:
 [[0.9925058649 0.0040661112 0.1221293366]
 [0.0662062357 0.8221492473 -0.5654090109]
 [-0.1027075581 0.5692574830 0.8157187478]]
Accumulated Translation Vector:
 [0.0943087729 -1.1438507344 0.2284043248]
Relative Error Change: 18.31% 
Distance Error(E): 0.3740119677957162713788363817
-------------------------------------------------------------------------

Iteration 6
Rotation matrix:
 [[0.9998770907 -0.0117273467 0.0104054223]
 [0.0118813816 0.9998188846 -0.0148671056]
 [-0.0102291860 0.0149889090 0.9998353346]]
Translation vector:
 [-0.0683299915 -0.0057562529 -0.0779601205]
Accumulated Rotation Matrix:
 [[0.9911829040 -0.0057435002 0.1323762175]
 [0.0817500412 0.8127490556 -0.5768499834]
 [-0.1042755078 0.5825856030 0.8060525006]]
Accumulated Translation Vector:
 [0.0259787814 -1.1496069873 0.1504442043]
Relative Error Change: 6.91% 
Distance Error(E): 0.3481591832860693735973711682
-------------------------------------------------------------------------

Iteration 7
Rotation matrix:
 [[0.9986590128 0.0070609512 -0.0512866371]
 [-0.0067346607 0.9999559869 0.0065321269]
 [0.0513305028 -0.0061779693 0.9986626118]]
Translation vector:
 [0.2068368289 -0.0828783720 0.0494735323]
Accumulated Rotation Matrix:
 [[0.9966873588 0.0004376305 0.0813272240]
 [0.0465568266 0.8168542786 -0.5749622157]
 [-0.0666841119 0.5768439096 0.8141279587]]
Accumulated Translation Vector:
 [0.2328156102 -1.2324853593 0.1999177366]
Relative Error Change: 17.59% 
Distance Error(E): 0.4093988468914420142397148084
-------------------------------------------------------------------------

Iteration 8
Rotation matrix:
 [[0.9999047199 -0.0133813918 0.0033895990]
 [0.0132980131 0.9996346841 0.0235300053]
 [-0.0037032250 -0.0234826884 0.9997173848]]
Translation vector:
 [0.0745310939 -0.0110305724 0.0155134770]
Accumulated Rotation Matrix:
 [[0.9962970409 -0.0148093753 0.0846929077]
 [0.0595441441 0.8294345321 -0.5554213282]
 [-0.0620217793 0.5584075925 0.8272449816]]
Accumulated Translation Vector:
 [0.3073467042 -1.2435159317 0.2154312135]
Relative Error Change: 22.61% 
Distance Error(E): 0.3168533139577286994459370817
-------------------------------------------------------------------------

Iteration 9
Rotation matrix:
 [[0.9982631105 0.0152550652 -0.0569038250]
 [-0.0123276227 0.9985996727 0.0514463159]
 [0.0576089579 -0.0506554705 0.9970532740]]
Translation vector:
 [-0.1942380137 0.0720597701 0.0880618429]
Accumulated Rotation Matrix:
 [[0.9996282176 -0.0038802201 0.0269883406]
 [0.0172185226 0.8573165308 -0.5145015923]
 [-0.0211411712 0.5147750090 0.8570646072]]
Accumulated Translation Vector:
 [0.1131086905 -1.1714561616 0.3034930564]
Relative Error Change: 41.75% 
Distance Error(E): 0.4491301431503517682664039512
-------------------------------------------------------------------------

Iteration 10
Rotation matrix:
 [[0.9990134259 0.0142380568 -0.0420648624]
 [-0.0147398108 0.9998235840 -0.0116421147]
 [0.0418916804 0.0122506570 0.9990470502]]
Translation vector:
 [-0.1328053632 0.0263954703 0.1207018485]
Accumulated Rotation Matrix:
 [[0.9998297909 0.0106838527 -0.0150414274]
 [-0.0169884845 0.8511074622 -0.5247165703]
 [0.0071958766 0.5248827898 0.8511440984]]
Accumulated Translation Vector:
 [-0.0196966727 -1.1450606913 0.4241949049]
Relative Error Change: 38.60% 
Distance Error(E): 0.2757636131422859238071509935
-------------------------------------------------------------------------

Iteration 11
Rotation matrix:
 [[0.9999852721 -0.0035299145 -0.0041225461]
 [0.0034934599 0.9999550298 -0.0088166954]
 [0.0041534829 0.0088021636 0.9999526341]]
Translation vector:
 [0.0879191536 0.0097211760 0.0603002820]
Accumulated Rotation Matrix:
 [[0.9997899147 0.0070216615 -0.0192567556]
 [-0.0161943258 0.8465105146 -0.5321256360]
 [0.0125646400 0.5323256945 0.8464463863]]
Accumulated Translation Vector:
 [0.0682224809 -1.1353395153 0.4844951869]
Relative Error Change: 14.42% 
Distance Error(E): 0.2359933417178722292462111909
-------------------------------------------------------------------------

Iteration 12
Rotation matrix:
 [[0.9991485053 -0.0022410917 -0.0411975966]
 [0.0020138837 0.9999825388 -0.0055557520]
 [0.0412093282 0.0054680541 0.9991355722]]
Translation vector:
 [-0.0066052121 0.0321708223 -0.0147316280]
Accumulated Rotation Matrix:
 [[0.9981591817 0.0046756210 -0.0604680617]
 [-0.0364043026 0.8436223347 -0.5357014870]
 [0.0485074703 0.5369166556 0.8422395920]]
Accumulated Translation Vector:
 [0.0616172688 -1.1031686930 0.4697635589]
Relative Error Change: 31.74% 
Distance Error(E): 0.3108893407689378163283322465
-------------------------------------------------------------------------

Iteration 13
Rotation matrix:
 [[0.9992815559 0.0000242819 0.0378994926]
 [-0.0005196021 0.9999145859 0.0130595166]
 [-0.0378959383 -0.0130698267 0.9991962157]]
Translation vector:
 [-0.0036362315 -0.0028260429 0.0442359641]
Accumulated Rotation Matrix:
 [[0.9997311246 0.0054897659 -0.0225286706]
 [-0.0165155857 0.8505509190 -0.5256333033]
 [0.0162761777 0.5258640476 0.8504128935]]
Accumulated Translation Vector:
 [0.0579810374 -1.1059947359 0.5139995229]
Relative Error Change: 14.57% 
Distance Error(E): 0.2655923831772319942956528394
-------------------------------------------------------------------------

Iteration 14
Rotation matrix:
 [[0.9992672870 0.0077104281 0.0374891786]
 [-0.0080136450 0.9999363305 0.0079445889]
 [-0.0374255355 -0.0082391927 0.9992654527]]
Translation vector:
 [-0.0812320759 0.0435219717 0.0147874926]
Accumulated Rotation Matrix:
 [[0.9997977631 0.0133833894 0.0150105904]
 [-0.0036473897 0.8547002167 -0.5191090792]
 [-0.0197769938 0.5189493467 0.8545761792]]
Accumulated Translation Vector:
 [-0.0232510386 -1.0624727642 0.5287870156]
Relative Error Change: 8.00% 
Distance Error(E): 0.2868436917647946837739425519
-------------------------------------------------------------------------

Iteration 15
Rotation matrix:
 [[0.9954504979 0.0310359127 0.0900837297]
 [-0.0277566572 0.9989136973 -0.0374298453]
 [-0.0911475410 0.0347591350 0.9952305905]]
Translation vector:
 [-0.2224557400 0.0705264862 -0.1772227107]
Accumulated Rotation Matrix:
 [[0.9935095245 0.0449202422 0.1045035720]
 [0.0199610992 0.8356147710 -0.5489531028]
 [-0.1119838348 0.5474761423 0.8292945763]]
Accumulated Translation Vector:
 [-0.2457067785 -0.9919462780 0.3515643048]
Relative Error Change: 92.93% 
Distance Error(E): 0.5533938962415662077276579112
-------------------------------------------------------------------------

Iteration 16
Rotation matrix:
 [[0.9997307870 -0.0124612926 0.0195721656]
 [0.0131716950 0.9992432903 -0.0365971762]
 [-0.0191013070 0.0368451223 0.9991384174]]
Translation vector:
 [0.1394668334 -0.0300759320 -0.2234599197]
Accumulated Rotation Matrix:
 [[0.9918375798 0.0363562847 0.1222147125]
 [0.0414479101 0.8145074678 -0.5786705934]
 [-0.1205831088 0.5790127852 0.8063522235]]
Accumulated Translation Vector:
 [-0.1062399451 -1.0220222100 0.1281043852]
Relative Error Change: 19.83% 
Distance Error(E): 0.4436676320721181787654074924
-------------------------------------------------------------------------

Iteration 17
Rotation matrix:
 [[0.9986938979 -0.0388865345 -0.0331411490]
 [0.0390678398 0.9992248359 0.0048405722]
 [0.0329272261 -0.0061290031 0.9994389592]]
Translation vector:
 [0.1142810852 -0.1175651860 -0.1240613604]
Accumulated Rotation Matrix:
 [[0.9959866916 -0.0029900780 0.0894514932]
 [0.0541608046 0.8158109991 -0.5757768847]
 [-0.0712538942 0.5783108793 0.8126988430]]
Accumulated Translation Vector:
 [0.0080411401 -1.1395873960 0.0040430248]
Relative Error Change: 23.10% 
Distance Error(E): 0.3411673201271663291578306598
-------------------------------------------------------------------------

Iteration 18
Rotation matrix:
 [[0.9995737441 0.0118355154 0.0266880234]
 [-0.0119067633 0.9999259559 0.0025123243]
 [-0.0266563126 -0.0028290214 0.9996406543]]
Translation vector:
 [0.0514801686 0.0220932756 0.1903931207]
Accumulated Rotation Matrix:
 [[0.9932133016 0.0085450990 0.1159927532]
 [0.0597721384 0.8180204993 -0.5720749551]
 [-0.0997728870 0.5751255898 0.8119580820]]
Accumulated Translation Vector:
 [0.0595213087 -1.1174941204 0.1944361455]
Relative Error Change: 4.66% 
Distance Error(E): 0.3570493659784875761786793191
-------------------------------------------------------------------------

Iteration 19
Rotation matrix:
 [[0.9967631600 0.0149424137 -0.0789932091]
 [-0.0101219594 0.9980818207 0.0610755689]
 [0.0797543024 -0.0600783110 0.9950024361]]
Translation vector:
 [0.0454639223 0.1266559629 0.2269144439]
Accumulated Rotation Matrix:
 [[0.9991628571 0.0164010633 0.0374778628]
 [0.0056732563 0.8517138264 -0.5239764996]
 [-0.0405141856 0.5237504779 0.8509077727]]
Accumulated Translation Vector:
 [0.1049852310 -0.9908381575 0.4213505894]
Relative Error Change: 62.94% 
Distance Error(E): 0.5817616882144638346119336347
-------------------------------------------------------------------------

Iteration 20
Rotation matrix:
 [[0.9981474928 -0.0061524686 0.0605287513]
 [0.0095380916 0.9983961138 -0.0558052404]
 [-0.0600883301 0.0562791896 0.9966052606]]
Translation vector:
 [0.1003875392 -0.1311190140 -0.2695511350]
Accumulated Rotation Matrix:
 [[0.9952163533 0.0123366635 0.0969134500]
 [0.0452713439 0.8208238970 -0.5693844356]
 [-0.0865731799 0.5710481038 0.8163388682]]
Accumulated Translation Vector:
 [0.2053727702 -1.1219571714 0.1517994544]
Relative Error Change: 4.37% 
Distance Error(E): 0.5563540313431508677055603584
-------------------------------------------------------------------------

Iteration 21
Rotation matrix:
 [[0.9995194270 -0.0178100090 0.0253716101]
 [0.0180600004 0.9997902543 -0.0096583494]
 [-0.0251942732 0.0101119192 0.9996314309]]
Translation vector:
 [0.1227690902 -0.0632496476 -0.0065104392]
Accumulated Rotation Matrix:
 [[0.9925192155 -0.0044107553 0.1220088202]
 [0.0744188947 0.8140878803 -0.5759537752]
 [-0.0967855107 0.5807249507 0.8083261078]]
Accumulated Translation Vector:
 [0.3281418604 -1.1852068190 0.1452890152]
Relative Error Change: 26.60% 
Distance Error(E): 0.4083768635163069760096732352
-------------------------------------------------------------------------

Iteration 22
Rotation matrix:
 [[0.9927788792 0.0191231651 -0.1184246662]
 [-0.0106233736 0.9973485288 0.0719934444]
 [0.1194874091 -0.0702155016 0.9903497071]]
Translation vector:
 [-0.3271189796 0.0304709643 0.1295681168]
Accumulated Rotation Matrix:
 [[0.9999774892 0.0060141380 0.0029750971]
 [-0.0035860772 0.8537933578 -0.5205996948]
 [-0.0056710765 0.5205773068 0.8537957054]]
Accumulated Translation Vector:
 [0.0010228807 -1.1547358547 0.2748571320]
Relative Error Change: 101.42% 
Distance Error(E): 0.8225407658339340954967155994
-------------------------------------------------------------------------

Iteration 23
Rotation matrix:
 [[0.9999803543 0.0049391734 0.0038594789]
 [-0.0049146110 0.9999677744 -0.0063479748]
 [-0.0038907083 0.0063288822 0.9999724034]]
Translation vector:
 [0.0131324965 0.1449465721 0.1470212765]
Accumulated Rotation Matrix:
 [[0.9999167116 0.0109718355 0.0067962294]
 [-0.0057565674 0.8504533174 -0.5260190271]
 [-0.0115512701 0.5259360929 0.8504456446]]
Accumulated Translation Vector:
 [0.0141553773 -1.0097892825 0.4218784086]
Relative Error Change: 67.14% 
Distance Error(E): 0.2702565348841515224798115469
-------------------------------------------------------------------------

Iteration 24
Rotation matrix:
 [[0.9962594686 0.0078086733 0.0860586765]
 [-0.0040472605 0.9990323123 -0.0437956461]
 [-0.0863173845 0.0432835253 0.9953270043]]
Translation vector:
 [0.1640228206 -0.0578421852 -0.2633306454]
Accumulated Rotation Matrix:
 [[0.9955454531 0.0190634059 0.0923354609]
 [0.0362275457 0.8268174352 -0.5613024976]
 [-0.0870449063 0.5621472364 0.8224437177]]
Accumulated Translation Vector:
 [0.1781781979 -1.0676314678 0.1585477631]
Relative Error Change: 110.68% 
Distance Error(E): 0.5693714145275974303217481065
-------------------------------------------------------------------------

Iteration 25
Rotation matrix:
 [[0.9997456125 -0.0192728824 -0.0117160736]
 [0.0195490144 0.9995224890 0.0239296878]
 [0.0112492850 -0.0241526381 0.9996449888]]
Translation vector:
 [0.2066897526 -0.0214725434 0.1850226735]
Accumulated Rotation Matrix:
 [[0.9967035775 -0.0023628725 0.0810949783]
 [0.0460675441 0.8392813476 -0.5417421905]
 [-0.0667814349 0.5436922258 0.8366235734]]
Accumulated Translation Vector:
 [0.3848679505 -1.0891040112 0.3435704366]
Relative Error Change: 23.62% 
Distance Error(E): 0.4348969359046119809164565595
-------------------------------------------------------------------------

Iteration 26
Rotation matrix:
 [[0.9999725736 -0.0041138270 -0.0061586022]
 [0.0040200960 0.9998770700 -0.0151553179]
 [0.0062201915 0.0151301441 0.9998661850]]
Translation vector:
 [-0.1620593402 -0.0513696275 -0.1806581474]
Accumulated Rotation Matrix:
 [[0.9971711688 -0.0052358695 0.0749816358]
 [0.0460705321 0.8307920235 -0.5546729846]
 [-0.0593899496 0.5565583522 0.8286830724]]
Accumulated Translation Vector:
 [0.2228086103 -1.1404736386 0.1629122892]
Relative Error Change: 22.84% 
Distance Error(E): 0.3355673408383426092882473313
-------------------------------------------------------------------------

Iteration 27
Rotation matrix:
 [[0.9988948505 -0.0008993957 0.0469922198]
 [0.0030132231 0.9989855462 -0.0449310477]
 [-0.0469041376 0.0450229902 0.9978842279]]
Translation vector:
 [-0.3815218471 0.0681085606 -0.0556537961]
Accumulated Rotation Matrix:
 [[0.9925364198 -0.0027515120 0.1219175316]
 [0.0745394369 0.8049347513 -0.5886628224]
 [-0.0965159452 0.5933569544 0.7991321524]]
Accumulated Translation Vector:
 [-0.1587132368 -1.0723650780 0.1072584931]
Relative Error Change: 41.96% 
Distance Error(E): 0.4763616121139778725179780849
-------------------------------------------------------------------------

Iteration 28
Rotation matrix:
 [[0.9915014364 0.0262044682 -0.1274293041]
 [-0.0201867940 0.9986294375 0.0482880934]
 [0.1285200181 -0.0453053248 0.9906715058]]
Translation vector:
 [0.0727894834 0.0272456164 -0.8278633778]
Accumulated Rotation Matrix:
 [[0.9998256735 0.0177376348 -0.0058308659]
 [-0.0179980498 0.8324543646 -0.5538012288]
 [-0.0049691942 0.5538096308 0.8326284886]]
Accumulated Translation Vector:
 [-0.0859237534 -1.0451194616 -0.7206048847]
Relative Error Change: 144.41% 
Distance Error(E): 1.1642589166755876739500763506
-------------------------------------------------------------------------

Iteration 29
Rotation matrix:
 [[1.0000000000 0.0000000989 -0.0000004449]
 [-0.0000000989 1.0000000000 0.0000000290]
 [0.0000004449 -0.0000000290 1.0000000000]]
Translation vector:
 [-0.0000000296 0.0000006256 -0.0000022266]
Accumulated Rotation Matrix:
 [[0.9998256691 0.0177377339 -0.0058313102]
 [-0.0179983785 0.8324543789 -0.5538011967]
 [-0.0049688785 0.5538096061 0.8326285068]]
Accumulated Translation Vector:
 [-0.0859237829 -1.0451188360 -0.7206071113]
Relative Error Change: 100.00% 
Distance Error(E): 0.0000000000363798587303456835
-------------------------------------------------------------------------

Iteration 30
Rotation matrix:
 [[1.0000000000 -0.0000000303 0.0000003200]
 [0.0000000303 1.0000000000 -0.0000000682]
 [-0.0000003200 0.0000000682 1.0000000000]]
Translation vector:
 [0.0000018221 -0.0000002838 0.0000043401]
Accumulated Rotation Matrix:
 [[0.9998256715 0.0177377032 -0.0058309914]
 [-0.0179981760 0.8324543417 -0.5538012592]
 [-0.0049691282 0.5538096630 0.8326284675]]
Accumulated Translation Vector:
 [-0.0859219608 -1.0451191199 -0.7206027712]
Relative Error Change: 41.44% 
Distance Error(E): 0.0000000000213049925515866761
-------------------------------------------------------------------------

Iteration 31
Rotation matrix:
 [[1.0000000000 -0.0000000202 0.0000000371]
 [0.0000000202 1.0000000000 -0.0000000152]
 [-0.0000000371 0.0000000152 1.0000000000]]
Translation vector:
 [0.0000013271 -0.0000001300 -0.0000020591]
Accumulated Rotation Matrix:
 [[0.9998256721 0.0177376829 -0.0058309546]
 [-0.0179981387 0.8324543336 -0.5538012725]
 [-0.0049691479 0.5538096758 0.8326284589]]
Accumulated Translation Vector:
 [-0.0859206337 -1.0451192498 -0.7206048303]
Relative Error Change: 24.59% 
Distance Error(E): 0.0000000000160656413084689564
-------------------------------------------------------------------------

Iteration 32
Rotation matrix:
 [[1.0000000000 0.0000000148 -0.0000001453]
 [-0.0000000148 1.0000000000 0.0000000334]
 [0.0000001453 -0.0000000334 1.0000000000]]
Translation vector:
 [-0.0000008630 0.0000001786 0.0000015510]
Accumulated Rotation Matrix:
 [[0.9998256710 0.0177376979 -0.0058310993]
 [-0.0179982315 0.8324543519 -0.5538012421]
 [-0.0049690351 0.5538096479 0.8326284781]]
Accumulated Translation Vector:
 [-0.0859214967 -1.0451190712 -0.7206032793]
Relative Error Change: 20.47% 
Distance Error(E): 0.0000000000193550679687946157
-------------------------------------------------------------------------

Iteration 33
Rotation matrix:
 [[1.0000000000 0.0000000392 0.0000001591]
 [-0.0000000392 1.0000000000 0.0000000005]
 [-0.0000001591 -0.0000000005 1.0000000000]]
Translation vector:
 [-0.0000022461 0.0000002865 -0.0000017946]
Accumulated Rotation Matrix:
 [[0.9998256712 0.0177377371 -0.0058309402]
 [-0.0179981760 0.8324543515 -0.5538012445]
 [-0.0049691893 0.5538096473 0.8326284776]]
Accumulated Translation Vector:
 [-0.0859237428 -1.0451187847 -0.7206050739]
Relative Error Change: 30.22% 
Distance Error(E): 0.0000000000252050108221765166
-------------------------------------------------------------------------

Iteration 34
Rotation matrix:
 [[1.0000000000 -0.0000000338 -0.0000000509]
 [0.0000000338 1.0000000000 -0.0000000187]
 [0.0000000509 0.0000000187 1.0000000000]]
Translation vector:
 [0.0000017820 -0.0000003352 0.0000023027]
Accumulated Rotation Matrix:
 [[0.9998256715 0.0177377032 -0.0058309914]
 [-0.0179981760 0.8324543417 -0.5538012592]
 [-0.0049691282 0.5538096630 0.8326284675]]
Accumulated Translation Vector:
 [-0.0859219608 -1.0451191199 -0.7206027712]
Relative Error Change: 15.47% 
Distance Error(E): 0.0000000000213049925226113083
-------------------------------------------------------------------------

Iteration 35
Rotation matrix:
 [[1.0000000000 -0.0000000515 -0.0000000606]
 [0.0000000515 1.0000000000 0.0000000235]
 [0.0000000606 -0.0000000235 1.0000000000]]
Translation vector:
 [-0.0000024098 0.0000004546 -0.0000005183]
Accumulated Rotation Matrix:
 [[0.9998256721 0.0177376518 -0.0058310516]
 [-0.0179981667 0.8324543556 -0.5538012385]
 [-0.0049690492 0.5538096438 0.8326284808]]
Accumulated Translation Vector:
 [-0.0859243706 -1.0451186652 -0.7206032895]
Relative Error Change: 50.84% 
Distance Error(E): 0.0000000000321364454174441032
-------------------------------------------------------------------------

Iteration 36
Rotation matrix:
 [[1.0000000000 -0.0000000388 0.0000003619]
 [0.0000000388 1.0000000000 -0.0000000761]
 [-0.0000003619 0.0000000761 1.0000000000]]
Translation vector:
 [0.0000022234 -0.0000005824 0.0000007902]
Accumulated Rotation Matrix:
 [[0.9998256749 0.0177376125 -0.0058306911]
 [-0.0179979339 0.8324543142 -0.5538013084]
 [-0.0049693291 0.5538097073 0.8326284369]]
Accumulated Translation Vector:
 [-0.0859221472 -1.0451192476 -0.7206024992]
Relative Error Change: 25.22% 
Distance Error(E): 0.0000000000240322789245716106
-------------------------------------------------------------------------

Iteration 37
Rotation matrix:
 [[1.0000000000 0.0000001295 -0.0000002495]
 [-0.0000001295 1.0000000000 0.0000000297]
 [0.0000002495 -0.0000000297 1.0000000000]]
Translation vector:
 [0.0000014436 -0.0000000048 -0.0000030620]
Accumulated Rotation Matrix:
 [[0.9998256711 0.0177377422 -0.0058309400]
 [-0.0179981799 0.8324543283 -0.5538012792]
 [-0.0049691931 0.5538096820 0.8326284545]]
Accumulated Translation Vector:
 [-0.0859207035 -1.0451192524 -0.7206055612]
Relative Error Change: 30.13% 
Distance Error(E): 0.0000000000167918303039436814
-------------------------------------------------------------------------

Iteration 38
Rotation matrix:
 [[1.0000000000 0.0000000011 -0.0000002213]
 [-0.0000000011 1.0000000000 0.0000000346]
 [0.0000002213 -0.0000000346 1.0000000000]]
Translation vector:
 [0.0000009469 0.0000001032 0.0000012669]
Accumulated Rotation Matrix:
 [[0.9998256698 0.0177377435 -0.0058311606]
 [-0.0179983034 0.8324543474 -0.5538012464]
 [-0.0049690094 0.5538096532 0.8326284748]]
Accumulated Translation Vector:
 [-0.0859197566 -1.0451191492 -0.7206042943]
Relative Error Change: 5.90% 
Distance Error(E): 0.0000000000177817162594273994
-------------------------------------------------------------------------

Iteration 39
Rotation matrix:
 [[1.0000000000 0.0000000418 -0.0000002321]
 [-0.0000000418 1.0000000000 -0.0000000030]
 [0.0000002321 0.0000000030 1.0000000000]]
Translation vector:
 [0.0000020012 -0.0000000255 0.0000005642]
Accumulated Rotation Matrix:
 [[0.9998256677 0.0177377852 -0.0058313927]
 [-0.0179984667 0.8324543450 -0.5538012448]
 [-0.0049688393 0.5538096555 0.8326284742]]
Accumulated Translation Vector:
 [-0.0859177554 -1.0451191747 -0.7206037300]
Relative Error Change: 58.84% 
Distance Error(E): 0.0000000000282443913330189846
-------------------------------------------------------------------------

Iteration 40
Rotation matrix:
 [[1.0000000000 -0.0000000874 0.0000002933]
 [0.0000000874 1.0000000000 0.0000000096]
 [-0.0000002933 -0.0000000096 1.0000000000]]
Translation vector:
 [-0.0000037413 0.0000001035 0.0000004508]
Accumulated Rotation Matrix:
 [[0.9998256710 0.0177376979 -0.0058310993]
 [-0.0179982315 0.8324543519 -0.5538012421]
 [-0.0049690351 0.5538096479 0.8326284781]]
Accumulated Translation Vector:
 [-0.0859214967 -1.0451190712 -0.7206032793]
Relative Error Change: 31.47% 
Distance Error(E): 0.0000000000193550679608002705
-------------------------------------------------------------------------

Iteration 41
Rotation matrix:
 [[1.0000000000 0.0000000474 -0.0000000093]
 [-0.0000000474 1.0000000000 -0.0000000072]
 [0.0000000093 0.0000000072 1.0000000000]]
Translation vector:
 [0.0000022578 -0.0000001467 0.0000015905]
Accumulated Rotation Matrix:
 [[0.9998256701 0.0177377453 -0.0058311087]
 [-0.0179982761 0.8324543470 -0.5538012479]
 [-0.0049690537 0.5538096536 0.8326284742]]
Accumulated Translation Vector:
 [-0.0859192389 -1.0451192179 -0.7206016888]
Relative Error Change: 42.33% 
Distance Error(E): 0.0000000000275475144420649882
-------------------------------------------------------------------------

Iteration 42
Rotation matrix:
 [[1.0000000000 -0.0000000073 0.0000001655]
 [0.0000000073 1.0000000000 -0.0000000449]
 [-0.0000001655 0.0000000449 1.0000000000]]
Translation vector:
 [-0.0000014263 -0.0000000569 -0.0000030491]
Accumulated Rotation Matrix:
 [[0.9998256712 0.0177377377 -0.0058309440]
 [-0.0179981783 0.8324543223 -0.5538012882]
 [-0.0049691875 0.5538096910 0.8326284485]]
Accumulated Translation Vector:
 [-0.0859206652 -1.0451192748 -0.7206047379]
Relative Error Change: 41.67% 
Distance Error(E): 0.0000000000160696098164015247
-------------------------------------------------------------------------

Iteration 43
Rotation matrix:
 [[1.0000000000 0.0000000283 -0.0000000515]
 [-0.0000000283 1.0000000000 0.0000000215]
 [0.0000000515 -0.0000000215 1.0000000000]]
Translation vector:
 [0.0000000530 0.0000010765 -0.0000025976]
Accumulated Rotation Matrix:
 [[0.9998256704 0.0177377661 -0.0058309951]
 [-0.0179982304 0.8324543337 -0.5538012693]
 [-0.0049691602 0.5538096730 0.8326284607]]
Accumulated Translation Vector:
 [-0.0859206122 -1.0451181983 -0.7206073355]
Relative Error Change: 48.29% 
Distance Error(E): 0.0000000000238290067192559748
-------------------------------------------------------------------------

Iteration 44
Rotation matrix:
 [[1.0000000000 0.0000001109 0.0000000304]
 [-0.0000001109 1.0000000000 -0.0000002635]
 [-0.0000000304 0.0000002635 1.0000000000]]
Translation vector:
 [0.0000000093 0.0000023074 0.0000029077]
Accumulated Rotation Matrix:
 [[0.9998256686 0.0177378755 -0.0058309694]
 [-0.0179983059 0.8324541859 -0.5538014892]
 [-0.0049692470 0.5538098918 0.8326283146]]
Accumulated Translation Vector:
 [-0.0859206028 -1.0451158909 -0.7206044279]
Relative Error Change: 11.66% 
Distance Error(E): 0.0000000000266071799725850015
-------------------------------------------------------------------------

Iteration 45
Rotation matrix:
 [[1.0000000000 -0.0000000764 -0.0000000661]
 [0.0000000764 1.0000000000 0.0000003227]
 [0.0000000661 -0.0000003227 1.0000000000]]
Translation vector:
 [0.0000017968 -0.0000035041 -0.0000010776]
Accumulated Rotation Matrix:
 [[0.9998256696 0.0177378010 -0.0058310297]
 [-0.0179982789 0.8324543660 -0.5538012194]
 [-0.0049691497 0.5538096234 0.8326284937]]
Accumulated Translation Vector:
 [-0.0859188060 -1.0451193950 -0.7206055055]
Relative Error Change: 24.53% 
Distance Error(E): 0.0000000000200807711029655516
-------------------------------------------------------------------------

Iteration 46
Rotation matrix:
 [[1.0000000000 -0.0000000635 -0.0000002389]
 [0.0000000635 1.0000000000 -0.0000000324]
 [0.0000002389 0.0000000324 1.0000000000]]
Translation vector:
 [0.0000023328 0.0000003070 -0.0000011810]
Accumulated Rotation Matrix:
 [[0.9998256693 0.0177377373 -0.0058312692]
 [-0.0179983584 0.8324543492 -0.5538012420]
 [-0.0049689156 0.5538096507 0.8326284769]]
Accumulated Translation Vector:
 [-0.0859164733 -1.0451190880 -0.7206066865]
Relative Error Change: 88.32% 
Distance Error(E): 0.0000000000378153634398849791
-------------------------------------------------------------------------

Iteration 47
Rotation matrix:
 [[1.0000000000 -0.0000000963 0.0000003361]
 [0.0000000963 1.0000000000 -0.0000000472]
 [-0.0000003361 0.0000000472 1.0000000000]]
Translation vector:
 [-0.0000044557 -0.0000002539 0.0000023649]
Accumulated Rotation Matrix:
 [[0.9998256730 0.0177376408 -0.0058309339]
 [-0.0179980920 0.8324543248 -0.5538012874]
 [-0.0049691421 0.5538096905 0.8326284491]]
Accumulated Translation Vector:
 [-0.0859209289 -1.0451193419 -0.7206043215]
Relative Error Change: 56.84% 
Distance Error(E): 0.0000000000163203817348951656
-------------------------------------------------------------------------

Iteration 48
Rotation matrix:
 [[1.0000000000 0.0000001240 0.0000000702]
 [-0.0000001240 1.0000000000 0.0000000015]
 [-0.0000000702 -0.0000000015 1.0000000000]]
Translation vector:
 [-0.0000000732 0.0000001059 -0.0000028199]
Accumulated Rotation Matrix:
 [[0.9998256712 0.0177377647 -0.0058308637]
 [-0.0179981564 0.8324543234 -0.5538012873]
 [-0.0049692692 0.5538096886 0.8326284497]]
Accumulated Translation Vector:
 [-0.0859210022 -1.0451192361 -0.7206071415]
Relative Error Change: 37.19% 
Distance Error(E): 0.0000000000223906288239496325
-------------------------------------------------------------------------

Iteration 49
Rotation matrix:
 [[1.0000000000 -0.0000000700 -0.0000001813]
 [0.0000000700 1.0000000000 0.0000000317]
 [0.0000001813 -0.0000000317 1.0000000000]]
Translation vector:
 [-0.0000014331 -0.0000001210 0.0000031443]
Accumulated Rotation Matrix:
 [[0.9998256714 0.0177376949 -0.0058310445]
 [-0.0179981985 0.8324543422 -0.5538012577]
 [-0.0049690795 0.5538096625 0.8326284681]]
Accumulated Translation Vector:
 [-0.0859224352 -1.0451193570 -0.7206039972]
Relative Error Change: 11.42% 
Distance Error(E): 0.0000000000198325286862504166
-------------------------------------------------------------------------

Iteration 50
Rotation matrix:
 [[1.0000000000 0.0000000062 0.0000002133]
 [-0.0000000062 1.0000000000 -0.0000000101]
 [-0.0000002133 0.0000000101 1.0000000000]]
Translation vector:
 [0.0000002243 0.0000000370 0.0000032727]
Accumulated Rotation Matrix:
 [[0.9998256725 0.0177377011 -0.0058308314]
 [-0.0179980856 0.8324543365 -0.5538012699]
 [-0.0049692605 0.5538096709 0.8326284615]]
Accumulated Translation Vector:
 [-0.0859222110 -1.0451193200 -0.7206007245]
Relative Error Change: 71.39% 
Distance Error(E): 0.0000000000339918147524025003
-------------------------------------------------------------------------

Iteration 51
Rotation matrix:
 [[1.0000000000 -0.0000000669 -0.0000000942]
 [0.0000000669 1.0000000000 0.0000000501]
 [0.0000000942 -0.0000000501 1.0000000000]]
Translation vector:
 [0.0000004399 0.0000003033 -0.0000045603]
Accumulated Rotation Matrix:
 [[0.9998256731 0.0177376344 -0.0058309247]
 [-0.0179980820 0.8324543655 -0.5538012265]
 [-0.0049691450 0.5538096295 0.8326284897]]
Accumulated Translation Vector:
 [-0.0859217711 -1.0451190167 -0.7206052848]
Relative Error Change: 48.96% 
Distance Error(E): 0.0000000000173483592994441894
-------------------------------------------------------------------------

Iteration 52
Rotation matrix:
 [[1.0000000000 0.0000001665 -0.0000001051]
 [-0.0000001665 1.0000000000 0.0000000063]
 [0.0000001051 -0.0000000063 1.0000000000]]
Translation vector:
 [0.0000029650 -0.0000003783 -0.0000002207]
Accumulated Rotation Matrix:
 [[0.9998256696 0.0177378010 -0.0058310297]
 [-0.0179982789 0.8324543660 -0.5538012194]
 [-0.0049691497 0.5538096234 0.8326284937]]
Accumulated Translation Vector:
 [-0.0859188060 -1.0451193950 -0.7206055055]
Relative Error Change: 15.75% 
Distance Error(E): 0.0000000000200807710968482764
-------------------------------------------------------------------------

Iteration 53
Rotation matrix:
 [[1.0000000000 -0.0000001391 -0.0000003670]
 [0.0000001391 1.0000000000 -0.0000000697]
 [0.0000003670 0.0000000697 1.0000000000]]
Translation vector:
 [-0.0000010344 0.0000001830 -0.0000022346]
Accumulated Rotation Matrix:
 [[0.9998256699 0.0177376615 -0.0058313979]
 [-0.0179983663 0.8324543299 -0.5538012708]
 [-0.0049687670 0.5538096822 0.8326284569]]
Accumulated Translation Vector:
 [-0.0859198405 -1.0451192121 -0.7206077401]
Relative Error Change: 50.77% 
Distance Error(E): 0.0000000000302760686763301427
-------------------------------------------------------------------------

Iteration 54
Rotation matrix:
 [[1.0000000000 0.0000000621 0.0000004559]
 [-0.0000000621 1.0000000000 -0.0000000114]
 [-0.0000004559 0.0000000114 1.0000000000]]
Translation vector:
 [-0.0000008572 -0.0000001308 0.0000037066]
Accumulated Rotation Matrix:
 [[0.9998256714 0.0177377235 -0.0058309423]
 [-0.0179981656 0.8324543225 -0.5538012884]
 [-0.0049691810 0.5538096913 0.8326284484]]
Accumulated Translation Vector:
 [-0.0859206976 -1.0451193429 -0.7206040335]
Relative Error Change: 45.43% 
Distance Error(E): 0.0000000000165202075771941670
-------------------------------------------------------------------------

Iteration 55
Rotation matrix:
 [[1.0000000000 0.0000000023 0.0000000157]
 [-0.0000000023 1.0000000000 -0.0000000329]
 [-0.0000000157 0.0000000329 1.0000000000]]
Translation vector:
 [-0.0000000433 0.0000004440 -0.0000031133]
Accumulated Rotation Matrix:
 [[0.9998256715 0.0177377256 -0.0058309272]
 [-0.0179981587 0.8324543042 -0.5538013161]
 [-0.0049691953 0.5538097187 0.8326284301]]
Accumulated Translation Vector:
 [-0.0859207409 -1.0451188988 -0.7206071468]
Relative Error Change: 35.19% 
Distance Error(E): 0.0000000000223330783431268628
-------------------------------------------------------------------------

Iteration 56
Rotation matrix:
 [[1.0000000000 -0.0000001125 -0.0000002100]
 [0.0000001125 1.0000000000 0.0000001745]
 [0.0000002100 -0.0000001745 1.0000000000]]
Translation vector:
 [-0.0000034423 0.0000001148 -0.0000012491]
Accumulated Rotation Matrix:
 [[0.9998256723 0.0177376141 -0.0058311341]
 [-0.0179981814 0.8324544028 -0.5538011671]
 [-0.0049689581 0.5538095740 0.8326285277]]
Accumulated Translation Vector:
 [-0.0859241833 -1.0451187840 -0.7206083960]
Relative Error Change: 92.48% 
Distance Error(E): 0.0000000000429875769176104736
-------------------------------------------------------------------------

Iteration 57
Rotation matrix:
 [[1.0000000000 -0.0000003099 0.0000003448]
 [0.0000003099 1.0000000000 0.0000002729]
 [-0.0000003448 -0.0000002729 1.0000000000]]
Translation vector:
 [0.0000002114 -0.0000032616 0.0000016732]
Accumulated Rotation Matrix:
 [[0.9998256798 0.0177373058 -0.0058307845]
 [-0.0179977324 0.8324545595 -0.5538009461]
 [-0.0049690736 0.5538093483 0.8326286771]]
Accumulated Translation Vector:
 [-0.0859239719 -1.0451220456 -0.7206067228]
Relative Error Change: 10.85% 
Distance Error(E): 0.0000000000383228370930581867
-------------------------------------------------------------------------

Iteration 58
Rotation matrix:
 [[1.0000000000 0.0000004224 -0.0000001348]
 [-0.0000004224 1.0000000000 -0.0000004474]
 [0.0000001348 0.0000004474 1.0000000000]]
Translation vector:
 [0.0000032310 0.0000031468 -0.0000004241]
Accumulated Rotation Matrix:
 [[0.9998256715 0.0177377256 -0.0058309272]
 [-0.0179981587 0.8324543042 -0.5538013161]
 [-0.0049691953 0.5538097187 0.8326284301]]
Accumulated Translation Vector:
 [-0.0859207409 -1.0451188988 -0.7206071468]
Relative Error Change: 41.72% 
Distance Error(E): 0.0000000000223330783367986920
-------------------------------------------------------------------------

Iteration 59
Rotation matrix:
 [[1.0000000000 -0.0000000290 0.0000001907]
 [0.0000000290 1.0000000000 0.0000000188]
 [-0.0000001907 -0.0000000188 1.0000000000]]
Translation vector:
 [0.0000006867 -0.0000004631 0.0000032155]
Accumulated Rotation Matrix:
 [[0.9998256731 0.0177376967 -0.0058307362]
 [-0.0179980290 0.8324543151 -0.5538013039]
 [-0.0049693380 0.5538097032 0.8326284395]]
Accumulated Translation Vector:
 [-0.0859200543 -1.0451193619 -0.7206039314]
Relative Error Change: 15.35% 
Distance Error(E): 0.0000000000189041054506834585
-------------------------------------------------------------------------

Iteration 60
Rotation matrix:
 [[1.0000000000 -0.0000000021 -0.0000003092]
 [0.0000000021 1.0000000000 0.0000000489]
 [0.0000003092 -0.0000000489 1.0000000000]]
Translation vector:
 [-0.0000023810 0.0000000049 -0.0000000658]
Accumulated Rotation Matrix:
 [[0.9998256714 0.0177376949 -0.0058310445]
 [-0.0179981985 0.8324543422 -0.5538012577]
 [-0.0049690795 0.5538096625 0.8326284681]]
Accumulated Translation Vector:
 [-0.0859224352 -1.0451193570 -0.7206039972]
Relative Error Change: 4.91% 
Distance Error(E): 0.0000000000198325286891971118
-------------------------------------------------------------------------

Iteration 61
Rotation matrix:
 [[1.0000000000 0.0000000310 0.0000001185]
 [-0.0000000310 1.0000000000 -0.0000000677]
 [-0.0000001185 0.0000000677 1.0000000000]]
Translation vector:
 [0.0000016943 0.0000004582 -0.0000031497]
Accumulated Rotation Matrix:
 [[0.9998256715 0.0177377256 -0.0058309272]
 [-0.0179981587 0.8324543042 -0.5538013161]
 [-0.0049691953 0.5538097187 0.8326284301]]
Accumulated Translation Vector:
 [-0.0859207409 -1.0451188988 -0.7206071468]
Relative Error Change: 12.61% 
Distance Error(E): 0.0000000000223330783363749817
-------------------------------------------------------------------------

Iteration 62
Rotation matrix:
 [[1.0000000000 -0.0000000242 0.0000002326]
 [0.0000000242 1.0000000000 0.0000000673]
 [-0.0000002326 -0.0000000673 1.0000000000]]
Translation vector:
 [0.0000019700 -0.0000003970 0.0000024194]
Accumulated Rotation Matrix:
 [[0.9998256733 0.0177377017 -0.0058306934]
 [-0.0179980097 0.8324543419 -0.5538012643]
 [-0.0049693756 0.5538096628 0.8326284662]]
Accumulated Translation Vector:
 [-0.0859187710 -1.0451192958 -0.7206047275]
Relative Error Change: 2.89% 
Distance Error(E): 0.0000000000229787673987830335
-------------------------------------------------------------------------

Iteration 63
Rotation matrix:
 [[1.0000000000 -0.0000000742 -0.0000001227]
 [0.0000000742 1.0000000000 -0.0000000544]
 [0.0000001227 0.0000000544 1.0000000000]]
Translation vector:
 [-0.0000032850 0.0000002069 0.0000015993]
Accumulated Rotation Matrix:
 [[0.9998256739 0.0177376272 -0.0058308171]
 [-0.0179980159 0.8324543131 -0.5538013073]
 [-0.0049692323 0.5538097084 0.8326284367]]
Accumulated Translation Vector:
 [-0.0859220560 -1.0451190888 -0.7206031282]
Relative Error Change: 11.30% 
Distance Error(E): 0.0000000000203812458086498376
-------------------------------------------------------------------------

Iteration 64
Rotation matrix:
 [[1.0000000000 0.0000001115 -0.0000001187]
 [-0.0000001115 1.0000000000 0.0000000761]
 [0.0000001187 -0.0000000761 1.0000000000]]
Translation vector:
 [0.0000013036 -0.0000001082 -0.0000034290]
Accumulated Rotation Matrix:
 [[0.9998256712 0.0177377391 -0.0058309344]
 [-0.0179981744 0.8324543533 -0.5538012418]
 [-0.0049691952 0.5538096445 0.8326284794]]
Accumulated Translation Vector:
 [-0.0859207525 -1.0451191971 -0.7206065572]
Relative Error Change: 4.94% 
Distance Error(E): 0.0000000000193753525250623553
-------------------------------------------------------------------------

Iteration 65
Rotation matrix:
 [[1.0000000000 0.0000001382 -0.0000000297]
 [-0.0000001382 1.0000000000 -0.0000002978]
 [0.0000000297 0.0000002978 1.0000000000]]
Translation vector:
 [0.0000001496 0.0000033062 0.0000021294]
Accumulated Rotation Matrix:
 [[0.9998256686 0.0177378755 -0.0058309694]
 [-0.0179983059 0.8324541859 -0.5538014892]
 [-0.0049692470 0.5538098918 0.8326283146]]
Accumulated Translation Vector:
 [-0.0859206028 -1.0451158909 -0.7206044279]
Relative Error Change: 37.32% 
Distance Error(E): 0.0000000000266071799851855698
