Iteration 1
Rotation matrix:
 [[0.9999367096 0.0029174976 0.0108657764]
 [0.0031332250 0.8553696647 -0.5180086096]
 [-0.0108055444 0.5180098696 0.8553063868]]
Translation vector:
 [0.0733142273 -1.1193347243 0.4220633239]
Accumulated Rotation Matrix:
 [[0.9999367096 0.0029174976 0.0108657764]
 [0.0031332250 0.8553696647 -0.5180086096]
 [-0.0108055444 0.5180098696 0.8553063868]]
Accumulated Translation Vector:
 [0.0733142273 -1.1193347243 0.4220633239]
-------------------------------------------------------------------------

Iteration 2
Rotation matrix:
 [[0.9997322348 -0.0007254228 0.0231286061]
 [0.0007274946 0.9999997321 -0.0000811613]
 [-0.0231285410 0.0000979655 0.9997324947]]
Translation vector:
 [0.0740604520 0.0311963061 -0.0344041123]
Accumulated Rotation Matrix:
 [[0.9994197742 0.0021931844 0.0339897752]
 [0.0157354462 0.8553164156 -0.5178669954]
 [-0.0302077905 0.5181013599 0.8547856283]]
Accumulated Translation Vector:
 [0.1473746793 -1.0881384182 0.3876592116]
Relative Error Change: 79.08% 
Distance Error(E): 0.2913803956406437190018721139
-------------------------------------------------------------------------

Iteration 3
Rotation matrix:
 [[0.9993279165 -0.0020355222 0.0366001629]
 [0.0026593597 0.9998518837 -0.0170040692]
 [-0.0365601296 0.0170899741 0.9991853130]]
Translation vector:
 [0.1127258555 -0.0327335996 -0.0979901331]
Accumulated Rotation Matrix:
 [[0.9975112426 0.0007394028 0.0705037176]
 [0.0369327492 0.8463073660 -0.5314130355]
 [-0.0600607438 0.5326943735 0.8441738041]]
Accumulated Translation Vector:
 [0.2601005348 -1.1208720179 0.2896690785]
Relative Error Change: 33.91% 
Distance Error(E): 0.3901918873717847846549489077
-------------------------------------------------------------------------

Iteration 4
Rotation matrix:
 [[0.9998704119 -0.0110119698 0.0117429078]
 [0.0112214578 0.9997763539 -0.0179254313]
 [-0.0115428872 0.0180548809 0.9997703651]]
Translation vector:
 [0.0340734856 -0.0742720825 -0.0545005199]
Accumulated Rotation Matrix:
 [[0.9965764577 -0.0089723900 0.0821879559]
 [0.0525588063 0.8361167912 -0.5460277312]
 [-0.0638195562 0.5484780831 0.8337258882]]
Accumulated Translation Vector:
 [0.2941740204 -1.1951441004 0.2351685586]
Relative Error Change: 18.98% 
Distance Error(E): 0.3161339320718461465276050149
-------------------------------------------------------------------------

Iteration 5
Rotation matrix:
 [[0.9991424506 0.0109336138 0.0399351905]
 [-0.0098818489 0.9996015609 -0.0264399048]
 [-0.0402083625 0.0260225978 0.9988523975]]
Translation vector:
 [-0.1998652475 0.0512933659 -0.0067642338]
Accumulated Rotation Matrix:
 [[0.9925058649 0.0040661112 0.1221293366]
 [0.0662062357 0.8221492473 -0.5654090109]
 [-0.1027075581 0.5692574830 0.8157187478]]
Accumulated Translation Vector:
 [0.0943087729 -1.1438507344 0.2284043248]
Relative Error Change: 18.31% 
Distance Error(E): 0.3740119677957162713788363817
-------------------------------------------------------------------------

Iteration 6
Rotation matrix:
 [[0.9925563414 0.0118556263 -0.1212078928]
 [-0.0083776703 0.9995395438 0.0291635918]
 [0.1214978345 -0.0279310682 0.9921986352]]
Translation vector:
 [-0.0996606526 0.0475285718 -0.9026894076]
Accumulated Rotation Matrix:
 [[0.9999223755 0.0124198147 0.0009955990]
 [-0.0098702467 0.8383480776 -0.5450459421]
 [-0.0076040281 0.5449938064 0.8384055878]]
Accumulated Translation Vector:
 [-0.0053518797 -1.0963221627 -0.6742850828]
Relative Error Change: 232.52% 
Distance Error(E): 1.2436708210103903926579960171
-------------------------------------------------------------------------

Iteration 7
Rotation matrix:
 [[1.0000000000 -0.0000000456 0.0000000295]
 [0.0000000456 1.0000000000 0.0000000283]
 [-0.0000000295 -0.0000000283 1.0000000000]]
Translation vector:
 [-0.0000000546 0.0000000522 -0.0000001744]
Accumulated Rotation Matrix:
 [[0.9999223760 0.0124197690 0.0009956289]
 [-0.0098701924 0.8383480935 -0.5450459187]
 [-0.0076040280 0.5449937830 0.8384056031]]
Accumulated Translation Vector:
 [-0.0053519342 -1.0963221105 -0.6742852572]
Relative Error Change: 100.00% 
Distance Error(E): 0.0000000000160552162739937116
-------------------------------------------------------------------------

Iteration 8
Rotation matrix:
 [[1.0000000000 0.0000000561 -0.0000000456]
 [-0.0000000561 1.0000000000 -0.0000000236]
 [0.0000000456 0.0000000236 1.0000000000]]
Translation vector:
 [-0.0000002636 0.0000001541 -0.0000004423]
Accumulated Rotation Matrix:
 [[0.9999223754 0.0124198251 0.0009955830]
 [-0.0098702643 0.8383480800 -0.5450459381]
 [-0.0076040203 0.5449938024 0.8384055905]]
Accumulated Translation Vector:
 [-0.0053521979 -1.0963219564 -0.6742856995]
Relative Error Change: 2.82% 
Distance Error(E): 0.0000000000165086257006782538
-------------------------------------------------------------------------

Iteration 9
Rotation matrix:
 [[1.0000000000 -0.0000000708 0.0000000116]
 [0.0000000708 1.0000000000 0.0000000007]
 [-0.0000000116 -0.0000000007 1.0000000000]]
Translation vector:
 [0.0000002761 -0.0000003924 0.0000005805]
Accumulated Rotation Matrix:
 [[0.9999223762 0.0124197544 0.0009955946]
 [-0.0098701986 0.8383480811 -0.5450459376]
 [-0.0076039915 0.5449938024 0.8384055908]]
Accumulated Translation Vector:
 [-0.0053519218 -1.0963223488 -0.6742851190]
Relative Error Change: 2.90% 
Distance Error(E): 0.0000000000160296331015853078
-------------------------------------------------------------------------

Iteration 10
Rotation matrix:
 [[1.0000000000 0.0000000480 0.0000000258]
 [-0.0000000480 1.0000000000 -0.0000000620]
 [-0.0000000258 0.0000000620 1.0000000000]]
Translation vector:
 [0.0000000732 0.0000000126 0.0000007219]
Accumulated Rotation Matrix:
 [[0.9999223756 0.0124198024 0.0009956197]
 [-0.0098702248 0.8383480468 -0.5450459898]
 [-0.0076040393 0.5449938540 0.8384055568]]
Accumulated Translation Vector:
 [-0.0053518486 -1.0963223362 -0.6742843971]
Relative Error Change: 3.06% 
Distance Error(E): 0.0000000000165202075799684694
-------------------------------------------------------------------------

Iteration 11
Rotation matrix:
 [[1.0000000000 0.0000000527 -0.0000000213]
 [-0.0000000527 1.0000000000 0.0000001354]
 [0.0000000213 -0.0000001354 1.0000000000]]
Translation vector:
 [-0.0000000333 -0.0000006193 -0.0000005449]
Accumulated Rotation Matrix:
 [[0.9999223750 0.0124198549 0.0009956000]
 [-0.0098702805 0.8383481201 -0.5450458761]
 [-0.0076040501 0.5449937401 0.8384056308]]
Accumulated Translation Vector:
 [-0.0053518819 -1.0963229555 -0.6742849420]
Relative Error Change: 0.73% 
Distance Error(E): 0.0000000000166411142830798917
-------------------------------------------------------------------------

